,model,timing_best_model,mean_timing_all_hpo_configs
3,CLUSTERING_kmeans,1.44,1.45
