model,timing_best_model,mean_timing_all_hpo_configs
CLUSTERING_DBSCAN,0.370,0.370
